3 0.10859375 0.3472222222222222 0.046875 0.08541666666666667
3 0.199609375 0.34375 0.040625 0.075
3 0.1578125 0.4423611111111111 0.0390625 0.07013888888888889
3 0.21640625 0.4354166666666667 0.023046875 0.04097222222222222
3 0.29296875 0.4618055555555556 0.033984375 0.058333333333333334
3 0.154296875 0.12013888888888889 0.038671875 0.07152777777777777
3 0.25390625 0.10486111111111111 0.0375 0.06666666666666667
3 0.3015625 0.07569444444444444 0.021484375 0.04097222222222222
3 0.27734375 0.07430555555555556 0.024609375 0.04236111111111111
3 0.2 0.09722222222222222 0.0171875 0.029861111111111113
3 0.076953125 0.7361111111111112 0.027734375 0.05
3 0.11640625 0.9090277777777778 0.032421875 0.058333333333333334
3 0.308984375 0.8951388888888889 0.015625 0.02847222222222222
3 0.319140625 0.5652777777777778 0.012890625 0.022916666666666665
3 0.40703125 0.39375 0.016015625 0.03125
3 0.35859375 0.15347222222222223 0.0171875 0.03263888888888889
3 0.5453125 0.15625 0.02265625 0.04097222222222222
3 0.624609375 0.11180555555555556 0.03515625 0.06388888888888888
3 0.7234375 0.19930555555555557 0.028515625 0.050694444444444445
3 0.759375 0.29930555555555555 0.03125 0.05555555555555555
3 0.48515625 0.7430555555555556 0.023828125 0.041666666666666664
3 0.505078125 0.8222222222222222 0.02421875 0.044444444444444446
3 0.54609375 0.8034722222222223 0.020703125 0.03958333333333333
3 0.684375 0.7708333333333334 0.0203125 0.03611111111111111
3 0.75703125 0.4395833333333333 0.0359375 0.06458333333333334
3 0.73046875 0.49722222222222223 0.025390625 0.04236111111111111
3 0.71171875 0.6895833333333333 0.014453125 0.027083333333333334
3 0.6828125 0.6652777777777777 0.0171875 0.03263888888888889
3 0.490625 0.2375 0.01953125 0.034027777777777775
3 0.58359375 0.2791666666666667 0.019140625 0.034027777777777775
3 0.53359375 0.40555555555555556 0.01796875 0.03125
3 0.51953125 0.3972222222222222 0.04453125 0.08125
3 0.584375 0.44583333333333336 0.028515625 0.050694444444444445
3 0.6265625 0.4701388888888889 0.0125 0.022916666666666665
3 0.56796875 0.5965277777777778 0.01953125 0.03611111111111111
3 0.5796875 0.5631944444444444 0.027734375 0.049305555555555554
3 0.61875 0.5986111111111111 0.04921875 0.08819444444444445
3 0.5203125 0.7083333333333334 0.044140625 0.0798611111111111