0 0.262109375 0.66875 0.047265625 0.08333333333333333
0 0.13125 0.5868055555555556 0.04140625 0.07430555555555556
0 0.057421875 0.7118055555555556 0.01484375 0.027083333333333334
0 0.12734375 0.41597222222222224 0.02109375 0.03958333333333333
0 0.26328125 0.38819444444444445 0.039453125 0.06944444444444445
0 0.331640625 0.2076388888888889 0.024609375 0.044444444444444446
0 0.2578125 0.25069444444444444 0.016796875 0.02847222222222222
0 0.330078125 0.9208333333333333 0.030078125 0.05555555555555555
0 0.353125 0.8868055555555555 0.0296875 0.05347222222222222
0 0.378125 0.90625 0.023828125 0.04236111111111111
0 0.465234375 0.9333333333333333 0.023828125 0.044444444444444446
0 0.4796875 0.6534722222222222 0.0390625 0.06875
0 0.41328125 0.5791666666666667 0.030078125 0.05277777777777778
0 0.41796875 0.5347222222222222 0.033203125 0.059722222222222225
0 0.515625 0.8923611111111112 0.01875 0.03680555555555556
0 0.607421875 0.8777777777777778 0.020703125 0.03680555555555556
0 0.46484375 0.39861111111111114 0.037890625 0.06527777777777778
0 0.469921875 0.06666666666666667 0.024609375 0.04375
0 0.64921875 0.16041666666666668 0.05234375 0.09444444444444444
0 0.546875 0.18125 0.025390625 0.044444444444444446
0 0.509765625 0.27847222222222223 0.036328125 0.0625
0 0.55390625 0.37222222222222223 0.02265625 0.04236111111111111
0 0.508984375 0.3645833333333333 0.018359375 0.030555555555555555
0 0.77890625 0.8027777777777778 0.040625 0.07361111111111111
0 0.819921875 0.5875 0.022265625 0.03958333333333333
0 0.7671875 0.6048611111111111 0.018359375 0.034027777777777775
0 0.694921875 0.3458333333333333 0.019921875 0.03680555555555556
0 0.725390625 0.3472222222222222 0.01953125 0.0375
0 0.642578125 0.2465277777777778 0.03125 0.05486111111111111
0 0.6140625 0.22013888888888888 0.027734375 0.049305555555555554
0 0.64609375 0.7 0.03515625 0.06666666666666667
0 0.6640625 0.7055555555555556 0.05234375 0.09305555555555556
0 0.715234375 0.6833333333333333 0.037109375 0.06875
0 0.65625 0.5395833333333333 0.025390625 0.04791666666666667
0 0.695703125 0.6305555555555555 0.016015625 0.030555555555555555
0 0.51484375 0.03888888888888889 0.01328125 0.022916666666666665
0 0.809375 0.3173611111111111 0.016015625 0.025694444444444443
0 0.793359375 0.9416666666666667 0.013671875 0.022916666666666665
0 0.696875 0.9416666666666667 0.01171875 0.021527777777777778