0 0.49140625 0.09791666666666667 0.033203125 0.059027777777777776
0 0.675390625 0.06458333333333334 0.016015625 0.027777777777777776
0 0.30390625 0.11736111111111111 0.0515625 0.09722222222222222
0 0.166796875 0.23125 0.0375 0.06458333333333334
0 0.0453125 0.29444444444444445 0.026171875 0.044444444444444446
0 0.1453125 0.2923611111111111 0.018359375 0.03333333333333333
0 0.0625 0.3416666666666667 0.020703125 0.035416666666666666
0 0.12734375 0.3770833333333333 0.044140625 0.07847222222222222
0 0.075 0.38125 0.0328125 0.05555555555555555
0 0.203515625 0.48680555555555555 0.046484375 0.08125
0 0.30703125 0.2763888888888889 0.051953125 0.09513888888888888
0 0.31953125 0.3298611111111111 0.02109375 0.03958333333333333
0 0.337109375 0.40208333333333335 0.03203125 0.059027777777777776
0 0.06171875 0.5590277777777778 0.051953125 0.09375
0 0.048046875 0.5506944444444445 0.025 0.04375
0 0.19453125 0.5645833333333333 0.033203125 0.058333333333333334
0 0.0578125 0.8520833333333333 0.0265625 0.04375
0 0.171875 0.75 0.024609375 0.04236111111111111
0 0.442578125 0.4131944444444444 0.02421875 0.04097222222222222
0 0.459375 0.3423611111111111 0.025 0.044444444444444446
0 0.65078125 0.21597222222222223 0.0359375 0.06180555555555556
0 0.6421875 0.2638888888888889 0.024609375 0.04097222222222222
0 0.704296875 0.24791666666666667 0.021875 0.03958333333333333
0 0.769921875 0.22013888888888888 0.034375 0.06041666666666667
0 0.776171875 0.29791666666666666 0.048828125 0.08680555555555555
0 0.762890625 0.6402777777777777 0.0359375 0.06180555555555556
0 0.60546875 0.48333333333333334 0.05390625 0.1
0 0.71171875 0.5430555555555555 0.0421875 0.07291666666666667
0 0.5234375 0.7638888888888888 0.03671875 0.06875
0 0.565625 0.7326388888888888 0.04765625 0.08333333333333333
0 0.523046875 0.6631944444444444 0.01875 0.03333333333333333
0 0.1265625 0.6354166666666666 0.0203125 0.035416666666666666
0 0.143359375 0.6326388888888889 0.026953125 0.04375
0 0.148046875 0.6590277777777778 0.019921875 0.03333333333333333
0 0.1734375 0.6520833333333333 0.0171875 0.029861111111111113
0 0.14296875 0.9159722222222222 0.016015625 0.027083333333333334
0 0.36796875 0.9243055555555556 0.01484375 0.02847222222222222
0 0.612890625 0.6770833333333334 0.0265625 0.04791666666666667
0 0.691796875 0.60625 0.01875 0.03333333333333333
0 0.694140625 0.6284722222222222 0.0359375 0.06319444444444444
0 0.62890625 0.6715277777777777 0.01640625 0.025694444444444443
0 0.6421875 0.9145833333333333 0.0140625 0.025
0 0.3609375 0.7104166666666667 0.01015625 0.019444444444444445
0 0.3109375 0.6770833333333334 0.02265625 0.03958333333333333