3 0.43046875 0.6638888888888889 0.045703125 0.07847222222222222
3 0.67734375 0.9298611111111111 0.040625 0.07361111111111111
3 0.723828125 0.86875 0.041015625 0.07222222222222222
3 0.716796875 0.8097222222222222 0.021484375 0.04097222222222222
3 0.847265625 0.9 0.0265625 0.04861111111111111
3 0.146875 0.05277777777777778 0.0265625 0.05138888888888889
3 0.309765625 0.3013888888888889 0.0265625 0.04861111111111111
3 0.207421875 0.425 0.039453125 0.07013888888888889
3 0.248046875 0.40069444444444446 0.02109375 0.0375
3 0.03125 0.6020833333333333 0.015234375 0.03194444444444444
3 0.2390625 0.6729166666666667 0.019921875 0.0375
3 0.291015625 0.7909722222222222 0.02109375 0.03958333333333333
3 0.197265625 0.7993055555555556 0.01953125 0.034722222222222224
3 0.162109375 0.8930555555555556 0.016015625 0.03194444444444444
3 0.08984375 0.7923611111111111 0.0140625 0.02847222222222222
3 0.32421875 0.05138888888888889 0.0171875 0.03194444444444444
3 0.60078125 0.39652777777777776 0.017578125 0.03263888888888889
3 0.729296875 0.3388888888888889 0.021484375 0.04097222222222222
3 0.584765625 0.31180555555555556 0.01953125 0.035416666666666666
3 0.521875 0.34444444444444444 0.0109375 0.021527777777777778
3 0.546484375 0.2701388888888889 0.012109375 0.025
3 0.659375 0.43680555555555556 0.01484375 0.027777777777777776
3 0.694140625 0.23541666666666666 0.018359375 0.034027777777777775
3 0.783203125 0.21944444444444444 0.009375 0.01875
3 0.603125 0.18125 0.01953125 0.035416666666666666
3 0.580078125 0.16458333333333333 0.026171875 0.049305555555555554
3 0.579296875 0.12430555555555556 0.016015625 0.02847222222222222
3 0.63203125 0.05347222222222222 0.012890625 0.025694444444444443
3 0.213671875 0.7125 0.016015625 0.029861111111111113