3 0.05546875 0.13055555555555556 0.026953125 0.05
3 0.14765625 0.08958333333333333 0.0171875 0.030555555555555555
3 0.078515625 0.22152777777777777 0.021484375 0.03958333333333333
3 0.04296875 0.5541666666666667 0.023828125 0.041666666666666664
3 0.06796875 0.6069444444444444 0.046875 0.08402777777777778
3 0.0734375 0.6756944444444445 0.033984375 0.059027777777777776
3 0.11171875 0.7041666666666667 0.043359375 0.075
3 0.1921875 0.6020833333333333 0.0234375 0.041666666666666664
3 0.25078125 0.7416666666666667 0.05 0.08888888888888889
3 0.1984375 0.22013888888888888 0.0421875 0.07152777777777777
3 0.25078125 0.24375 0.046484375 0.08263888888888889
3 0.21015625 0.2569444444444444 0.037890625 0.06736111111111111
3 0.19921875 0.31875 0.030859375 0.05555555555555555
3 0.345703125 0.1875 0.0296875 0.05277777777777778
3 0.506640625 0.15347222222222223 0.0234375 0.041666666666666664
3 0.5890625 0.11180555555555556 0.031640625 0.05763888888888889
3 0.53125 0.09236111111111112 0.01328125 0.025
3 0.4140625 0.15 0.026953125 0.04791666666666667
3 0.392578125 0.12569444444444444 0.02109375 0.03888888888888889
3 0.52265625 0.2423611111111111 0.031640625 0.05763888888888889
3 0.408203125 0.2465277777777778 0.04609375 0.08333333333333333
3 0.3375 0.3506944444444444 0.026953125 0.050694444444444445
3 0.680859375 0.3159722222222222 0.01328125 0.024305555555555556
3 0.697265625 0.4340277777777778 0.01171875 0.024305555555555556
3 0.6875 0.41041666666666665 0.0171875 0.03263888888888889
3 0.77421875 0.6180555555555556 0.020703125 0.03819444444444445
3 0.631640625 0.34652777777777777 0.022265625 0.03958333333333333
3 0.5515625 0.4076388888888889 0.023828125 0.04236111111111111
3 0.5703125 0.3527777777777778 0.01328125 0.022222222222222223
3 0.595703125 0.8381944444444445 0.028515625 0.050694444444444445
3 0.525390625 0.7986111111111112 0.03671875 0.06736111111111111
3 0.44375 0.7465277777777778 0.0203125 0.03611111111111111
3 0.47890625 0.7236111111111111 0.034765625 0.06180555555555556
3 0.45546875 0.6729166666666667 0.02109375 0.03680555555555556
3 0.41796875 0.6430555555555556 0.0453125 0.08055555555555556
3 0.39296875 0.6548611111111111 0.0203125 0.03888888888888889
3 0.32734375 0.6090277777777777 0.025390625 0.04652777777777778
3 0.43828125 0.45416666666666666 0.034765625 0.06388888888888888
3 0.43203125 0.5173611111111112 0.022265625 0.041666666666666664
3 0.44140625 0.38125 0.0234375 0.041666666666666664
3 0.44609375 0.3659722222222222 0.023046875 0.034027777777777775
3 0.3796875 0.4930555555555556 0.023828125 0.041666666666666664
3 0.33359375 0.4409722222222222 0.0171875 0.02847222222222222
3 0.59140625 0.68125 0.01171875 0.022916666666666665
3 0.534375 0.6625 0.01015625 0.021527777777777778