1 0.126171875 0.6104166666666667 0.028515625 0.050694444444444445
1 0.290234375 0.7993055555555556 0.0296875 0.05347222222222222
1 0.308203125 0.7298611111111111 0.02109375 0.03888888888888889
1 0.324609375 0.6986111111111111 0.026171875 0.04652777777777778
1 0.35546875 0.49375 0.043359375 0.0763888888888889
1 0.0625 0.325 0.01875 0.03680555555555556
1 0.07578125 0.35347222222222224 0.02265625 0.041666666666666664
1 0.090625 0.1597222222222222 0.014453125 0.025694444444444443
1 0.216796875 0.26458333333333334 0.025 0.04375
1 0.1796875 0.3368055555555556 0.026171875 0.04652777777777778
1 0.105078125 0.35833333333333334 0.01875 0.034722222222222224
1 0.266796875 0.45208333333333334 0.0265625 0.04791666666666667
1 0.287109375 0.4638888888888889 0.02109375 0.03888888888888889
1 0.412109375 0.3104166666666667 0.027734375 0.049305555555555554
1 0.423828125 0.08055555555555556 0.018359375 0.034722222222222224
1 0.401171875 0.06666666666666667 0.012890625 0.025
1 0.324609375 0.33125 0.0171875 0.03194444444444444
1 0.445703125 0.9381944444444444 0.031640625 0.05763888888888889
1 0.461328125 0.875 0.025 0.04791666666666667
1 0.8328125 0.9222222222222223 0.03671875 0.06875
1 0.662890625 0.7215277777777778 0.021484375 0.03958333333333333
1 0.556640625 0.6465277777777778 0.025390625 0.04652777777777778
1 0.4484375 0.7298611111111111 0.021484375 0.04097222222222222
1 0.603125 0.5118055555555555 0.025 0.04791666666666667
1 0.759765625 0.28541666666666665 0.035546875 0.06319444444444444
1 0.728515625 0.6215277777777778 0.022265625 0.04097222222222222
1 0.775 0.4875 0.029296875 0.05277777777777778
1 0.830859375 0.48194444444444445 0.033203125 0.06041666666666667
1 0.822265625 0.4465277777777778 0.01484375 0.021527777777777778
1 0.785546875 0.4354166666666667 0.01484375 0.025694444444444443
1 0.796875 0.37083333333333335 0.022265625 0.041666666666666664
1 0.440625 0.4638888888888889 0.024609375 0.04236111111111111
1 0.448828125 0.48819444444444443 0.022265625 0.03958333333333333
1 0.603515625 0.13472222222222222 0.01953125 0.03680555555555556
1 0.671875 0.1951388888888889 0.01484375 0.027777777777777776
1 0.701171875 0.16944444444444445 0.01953125 0.035416666666666666
1 0.726953125 0.16666666666666666 0.013671875 0.025694444444444443
1 0.61015625 0.43333333333333335 0.013671875 0.025694444444444443
1 0.565625 0.13333333333333333 0.0109375 0.022916666666666665