1 0.034765625 0.07013888888888889 0.022265625 0.03958333333333333
1 0.06953125 0.09444444444444444 0.0453125 0.07777777777777778
1 0.0671875 0.2076388888888889 0.037109375 0.06597222222222222
1 0.26171875 0.15555555555555556 0.046875 0.08333333333333333
1 0.4078125 0.08263888888888889 0.01640625 0.030555555555555555
1 0.752734375 0.050694444444444445 0.01640625 0.02847222222222222
1 0.703515625 0.10625 0.028515625 0.050694444444444445
1 0.06484375 0.5694444444444444 0.026171875 0.04791666666666667
1 0.115625 0.5104166666666666 0.041015625 0.07013888888888889
1 0.17578125 0.51875 0.019140625 0.03680555555555556
1 0.15390625 0.6229166666666667 0.015625 0.029861111111111113
1 0.05390625 0.7979166666666667 0.026171875 0.04791666666666667
1 0.10390625 0.8916666666666667 0.023046875 0.04236111111111111
1 0.142578125 0.8541666666666666 0.0265625 0.04513888888888889
1 0.18828125 0.8451388888888889 0.015234375 0.024305555555555556
1 0.2296875 0.8965277777777778 0.013671875 0.021527777777777778
1 0.25625 0.6576388888888889 0.021875 0.03888888888888889
1 0.2140625 0.4097222222222222 0.015234375 0.02847222222222222
1 0.233984375 0.3854166666666667 0.025 0.04097222222222222
1 0.265625 0.25555555555555554 0.036328125 0.06458333333333334
1 0.31875 0.10486111111111111 0.0140625 0.024305555555555556
1 0.3421875 0.19375 0.020703125 0.03680555555555556
1 0.39609375 0.21458333333333332 0.03671875 0.06666666666666667
1 0.4921875 0.24097222222222223 0.04453125 0.08263888888888889
1 0.5328125 0.2513888888888889 0.037109375 0.06180555555555556
1 0.621875 0.30694444444444446 0.034375 0.06041666666666667
1 0.716796875 0.21597222222222223 0.023828125 0.041666666666666664
1 0.75078125 0.2548611111111111 0.033203125 0.06111111111111111
1 0.6984375 0.36180555555555555 0.02265625 0.03958333333333333
1 0.3828125 0.4083333333333333 0.0375 0.06875
1 0.4140625 0.3173611111111111 0.02734375 0.04791666666666667
1 0.488671875 0.3215277777777778 0.03828125 0.06736111111111111
1 0.668359375 0.6354166666666666 0.03125 0.05555555555555555
1 0.45 0.5131944444444444 0.0234375 0.04236111111111111
1 0.540625 0.6631944444444444 0.023828125 0.04375
1 0.580859375 0.47708333333333336 0.01640625 0.027777777777777776
1 0.29765625 0.6631944444444444 0.045703125 0.08333333333333333
1 0.35625 0.6569444444444444 0.02890625 0.050694444444444445
1 0.373828125 0.7451388888888889 0.03984375 0.07222222222222222
1 0.3875 0.8930555555555556 0.04765625 0.08611111111111111
1 0.55703125 0.8576388888888888 0.0296875 0.052083333333333336
1 0.63828125 0.8784722222222222 0.030078125 0.05347222222222222
1 0.725 0.9131944444444444 0.028515625 0.050694444444444445
1 0.55078125 0.7520833333333333 0.025 0.04375
1 0.45234375 0.8194444444444444 0.02890625 0.052083333333333336
1 0.471875 0.8229166666666666 0.03984375 0.07222222222222222
1 0.269140625 0.3486111111111111 0.0390625 0.06736111111111111
1 0.313671875 0.36180555555555555 0.051953125 0.09236111111111112
1 0.417578125 0.7145833333333333 0.012890625 0.022222222222222223