3 0.02578125 0.7104166666666667 0.040625 0.075
3 0.042578125 0.5555555555555556 0.0234375 0.04236111111111111
3 0.07890625 0.22291666666666668 0.023046875 0.03958333333333333
3 0.14765625 0.08958333333333333 0.017578125 0.03263888888888889
3 0.11171875 0.3576388888888889 0.0171875 0.03263888888888889
3 0.1984375 0.21875 0.040234375 0.06944444444444445
3 0.25078125 0.24444444444444444 0.0421875 0.07569444444444444
3 0.209765625 0.25555555555555554 0.037890625 0.06666666666666667
3 0.242578125 0.4041666666666667 0.0203125 0.03819444444444445
3 0.109765625 0.6576388888888889 0.0234375 0.04097222222222222
3 0.11171875 0.7034722222222223 0.03125 0.05347222222222222
3 0.18046875 0.7076388888888889 0.0125 0.022222222222222223
3 0.25 0.7409722222222223 0.041796875 0.07430555555555556
3 0.2875 0.7180555555555556 0.023046875 0.03958333333333333
3 0.30859375 0.8715277777777778 0.041015625 0.075
3 0.32734375 0.6090277777777777 0.022265625 0.041666666666666664
3 0.33359375 0.44166666666666665 0.0203125 0.03888888888888889
3 0.4140625 0.15 0.041015625 0.07222222222222222
3 0.506640625 0.15208333333333332 0.019140625 0.034027777777777775
3 0.5890625 0.11180555555555556 0.0359375 0.06666666666666667
3 0.78203125 0.07569444444444444 0.019140625 0.03333333333333333
3 0.531640625 0.09236111111111112 0.012890625 0.022916666666666665
3 0.73046875 0.18472222222222223 0.03203125 0.058333333333333334
3 0.59140625 0.23541666666666666 0.022265625 0.04236111111111111
3 0.68046875 0.3159722222222222 0.019140625 0.035416666666666666
3 0.5703125 0.35208333333333336 0.028125 0.049305555555555554
3 0.551953125 0.40694444444444444 0.03671875 0.06597222222222222
3 0.48046875 0.3229166666666667 0.0203125 0.03680555555555556
3 0.43828125 0.45416666666666666 0.0328125 0.05625
3 0.43203125 0.5173611111111112 0.01640625 0.03125
3 0.39375 0.6534722222222222 0.03203125 0.05555555555555555
3 0.696484375 0.4909722222222222 0.03203125 0.05763888888888889
3 0.688671875 0.5368055555555555 0.028125 0.049305555555555554
3 0.77421875 0.61875 0.04453125 0.0798611111111111
3 0.76328125 0.7395833333333334 0.026953125 0.04791666666666667
3 0.78671875 0.8722222222222222 0.03046875 0.05555555555555555
3 0.591796875 0.68125 0.01875 0.035416666666666666
3 0.525390625 0.7986111111111112 0.047265625 0.08611111111111111
3 0.47890625 0.7243055555555555 0.0125 0.022916666666666665
3 0.44375 0.7479166666666667 0.014453125 0.025
3 0.0734375 0.6763888888888889 0.0171875 0.030555555555555555
3 0.16171875 0.23472222222222222 0.015234375 0.027083333333333334