2 0.3328125 0.1798611111111111 0.05703125 0.10277777777777777
2 0.72890625 0.3194444444444444 0.046875 0.08125
2 0.674609375 0.1798611111111111 0.058203125 0.10277777777777777
2 0.75625 0.15833333333333333 0.01796875 0.03125
2 0.7984375 0.45069444444444445 0.034375 0.06319444444444444
2 0.79140625 0.32013888888888886 0.0140625 0.027083333333333334
2 0.7640625 0.7638888888888888 0.028515625 0.052083333333333336
2 0.254296875 0.24722222222222223 0.038671875 0.07222222222222222
2 0.02890625 0.3993055555555556 0.057421875 0.11180555555555556
2 0.07734375 0.08611111111111111 0.020703125 0.03888888888888889
2 0.108203125 0.09236111111111112 0.0484375 0.08680555555555555
2 0.30625 0.28125 0.016015625 0.029861111111111113
2 0.44140625 0.3840277777777778 0.0390625 0.06944444444444445
2 0.526171875 0.37777777777777777 0.04453125 0.08125
2 0.571875 0.16180555555555556 0.030078125 0.05277777777777778
2 0.54765625 0.1840277777777778 0.04765625 0.08611111111111111
2 0.573828125 0.23680555555555555 0.021484375 0.03263888888888889
2 0.58359375 0.31180555555555556 0.017578125 0.03263888888888889
2 0.557421875 0.2659722222222222 0.04375 0.08055555555555556
2 0.66015625 0.5006944444444444 0.04296875 0.07708333333333334
2 0.676171875 0.6055555555555555 0.033203125 0.059027777777777776
2 0.58359375 0.6479166666666667 0.034765625 0.06319444444444444
2 0.54921875 0.5583333333333333 0.015625 0.029861111111111113
2 0.449609375 0.5534722222222223 0.034375 0.06319444444444444
2 0.2265625 0.4013888888888889 0.020703125 0.03819444444444445
2 0.14609375 0.3840277777777778 0.028125 0.049305555555555554
2 0.112109375 0.4305555555555556 0.03125 0.05555555555555555
2 0.09296875 0.3888888888888889 0.055078125 0.09652777777777778
2 0.028515625 0.4701388888888889 0.0203125 0.03888888888888889
2 0.032421875 0.5256944444444445 0.030078125 0.05486111111111111
2 0.124609375 0.6236111111111111 0.048046875 0.08611111111111111
2 0.05703125 0.6881944444444444 0.018359375 0.034027777777777775
2 0.262890625 0.7284722222222222 0.037109375 0.06597222222222222
2 0.2359375 0.8041666666666667 0.048828125 0.08611111111111111
2 0.07734375 0.8041666666666667 0.046875 0.07847222222222222
2 0.094921875 0.9097222222222222 0.04375 0.07847222222222222
2 0.05859375 0.8729166666666667 0.0671875 0.12222222222222222
2 0.3296875 0.6777777777777778 0.017578125 0.03125
2 0.3421875 0.625 0.0421875 0.07569444444444444
2 0.36171875 0.6909722222222222 0.04609375 0.08402777777777778
2 0.507421875 0.71875 0.0125 0.022222222222222223
2 0.683203125 0.7125 0.009765625 0.017361111111111112
2 0.43046875 0.7673611111111112 0.02734375 0.04791666666666667
2 0.3984375 0.9048611111111111 0.042578125 0.08611111111111111
2 0.41875 0.8951388888888889 0.05390625 0.09791666666666667
2 0.409375 0.9159722222222222 0.033203125 0.06111111111111111
2 0.40390625 0.3798611111111111 0.0125 0.022916666666666665
2 0.19765625 0.6013888888888889 0.014453125 0.030555555555555555