2 0.05078125 0.22291666666666668 0.0390625 0.06736111111111111
2 0.053515625 0.07569444444444444 0.028515625 0.05347222222222222
2 0.135546875 0.8041666666666667 0.033984375 0.06458333333333334
2 0.300390625 0.9347222222222222 0.04453125 0.08333333333333333
2 0.196484375 0.9090277777777778 0.021875 0.03888888888888889
2 0.124609375 0.8506944444444444 0.014453125 0.025
2 0.06328125 0.3861111111111111 0.034375 0.06041666666666667
2 0.216015625 0.3701388888888889 0.0328125 0.059722222222222225
2 0.195703125 0.1527777777777778 0.03046875 0.05555555555555555
2 0.25703125 0.25 0.024609375 0.04583333333333333
2 0.18046875 0.12430555555555556 0.02109375 0.03888888888888889
2 0.24375 0.7333333333333333 0.0296875 0.04861111111111111
2 0.162109375 0.5125 0.02890625 0.05277777777777778
2 0.099609375 0.5770833333333333 0.018359375 0.03263888888888889
2 0.24609375 0.6638888888888889 0.023828125 0.04652777777777778
2 0.46640625 0.06527777777777778 0.02265625 0.041666666666666664
2 0.71484375 0.06666666666666667 0.017578125 0.03194444444444444
2 0.708984375 0.12569444444444444 0.027734375 0.050694444444444445
2 0.71875 0.13194444444444445 0.020703125 0.03958333333333333
2 0.681640625 0.3576388888888889 0.033203125 0.0625
2 0.524609375 0.20972222222222223 0.032421875 0.06041666666666667
2 0.53125 0.19583333333333333 0.042578125 0.0763888888888889
2 0.387890625 0.2569444444444444 0.032421875 0.05763888888888889
2 0.423046875 0.35347222222222224 0.033203125 0.059722222222222225
2 0.325390625 0.5236111111111111 0.031640625 0.05625
2 0.38046875 0.4895833333333333 0.03046875 0.058333333333333334
2 0.409375 0.475 0.01328125 0.025694444444444443
2 0.71484375 0.44583333333333336 0.04609375 0.08402777777777778
2 0.689453125 0.6013888888888889 0.037109375 0.06944444444444445
2 0.8375 0.63125 0.04609375 0.08125
2 0.844140625 0.5729166666666666 0.03515625 0.0625
2 0.835546875 0.8722222222222222 0.0234375 0.04375
2 0.78359375 0.7826388888888889 0.01875 0.035416666666666666
2 0.6578125 0.8194444444444444 0.044921875 0.07916666666666666
2 0.7234375 0.93125 0.028125 0.05347222222222222
2 0.573828125 0.8736111111111111 0.043359375 0.07430555555555556
2 0.550390625 0.68125 0.019921875 0.03958333333333333
2 0.60546875 0.5930555555555556 0.01875 0.03680555555555556
2 0.63046875 0.6166666666666667 0.01953125 0.034722222222222224
2 0.357421875 0.6381944444444444 0.046875 0.07916666666666666
2 0.3703125 0.6951388888888889 0.016796875 0.029861111111111113
2 0.36171875 0.6770833333333334 0.016796875 0.02847222222222222
2 0.34453125 0.6819444444444445 0.014453125 0.027083333333333334
2 0.430859375 0.9416666666666667 0.01875 0.034722222222222224
2 0.4703125 0.9055555555555556 0.031640625 0.05486111111111111
2 0.473046875 0.8569444444444444 0.016015625 0.030555555555555555
2 0.575390625 0.24444444444444444 0.025390625 0.04236111111111111
2 0.587109375 0.35347222222222224 0.02265625 0.04097222222222222
2 0.497265625 0.30833333333333335 0.01953125 0.035416666666666666
2 0.478515625 0.4215277777777778 0.022265625 0.041666666666666664
2 0.500390625 0.4284722222222222 0.02265625 0.041666666666666664
2 0.28046875 0.6055555555555555 0.014453125 0.025
2 0.28828125 0.4326388888888889 0.010546875 0.02013888888888889
2 0.3046875 0.47847222222222224 0.014453125 0.027083333333333334
2 0.5453125 0.32430555555555557 0.01328125 0.02361111111111111