2 0.030078125 0.3993055555555556 0.06015625 0.12291666666666666
2 0.1453125 0.38263888888888886 0.0375 0.06597222222222222
2 0.108203125 0.09305555555555556 0.027734375 0.05277777777777778
2 0.174609375 0.5256944444444445 0.029296875 0.052083333333333336
2 0.226171875 0.40208333333333335 0.020703125 0.03888888888888889
2 0.028125 0.4701388888888889 0.017578125 0.03333333333333333
2 0.05859375 0.8756944444444444 0.0265625 0.04652777777777778
2 0.053515625 0.8270833333333333 0.0515625 0.09444444444444444
2 0.146875 0.6715277777777777 0.069921875 0.12708333333333333
2 0.270703125 0.8590277777777777 0.0421875 0.075
2 0.26328125 0.7284722222222222 0.038671875 0.07152777777777777
2 0.28671875 0.5326388888888889 0.023828125 0.04375
2 0.3421875 0.6256944444444444 0.0546875 0.09513888888888888
2 0.394140625 0.7756944444444445 0.0328125 0.05763888888888889
2 0.43046875 0.7666666666666667 0.03203125 0.05555555555555555
2 0.408984375 0.9166666666666666 0.03515625 0.06319444444444444
2 0.37890625 0.8666666666666667 0.01484375 0.027777777777777776
2 0.323046875 0.3701388888888889 0.02265625 0.041666666666666664
2 0.403125 0.38055555555555554 0.023828125 0.044444444444444446
2 0.4828125 0.3055555555555556 0.03203125 0.059027777777777776
2 0.42578125 0.2638888888888889 0.0609375 0.1111111111111111
2 0.38203125 0.17430555555555555 0.058203125 0.10625
2 0.516015625 0.05138888888888889 0.031640625 0.05486111111111111
2 0.540234375 0.1375 0.01875 0.03263888888888889
2 0.5625 0.19930555555555557 0.0328125 0.058333333333333334
2 0.67421875 0.1798611111111111 0.059765625 0.10486111111111111
2 0.7140625 0.28541666666666665 0.044140625 0.07847222222222222
2 0.562109375 0.8340277777777778 0.025 0.04513888888888889
2 0.51875 0.8534722222222222 0.028515625 0.052083333333333336
2 0.50625 0.7506944444444444 0.028125 0.050694444444444445
2 0.5078125 0.7173611111111111 0.01328125 0.022222222222222223
2 0.68359375 0.7131944444444445 0.01640625 0.030555555555555555
2 0.7109375 0.6826388888888889 0.028515625 0.052083333333333336
2 0.551953125 0.5055555555555555 0.03359375 0.05763888888888889
2 0.54921875 0.5576388888888889 0.01875 0.03263888888888889
2 0.626171875 0.5076388888888889 0.046875 0.08333333333333333
2 0.6609375 0.5006944444444444 0.06328125 0.11180555555555556
2 0.589453125 0.375 0.016015625 0.029861111111111113
2 0.433203125 0.5506944444444445 0.019140625 0.03680555555555556
2 0.45 0.5534722222222223 0.01953125 0.03680555555555556
2 0.5828125 0.31180555555555556 0.014453125 0.022916666666666665