1 0.05234375 0.07847222222222222 0.024609375 0.04375
1 0.167578125 0.2534722222222222 0.034765625 0.058333333333333334
1 0.30859375 0.26319444444444445 0.03046875 0.05555555555555555
1 0.2125 0.36319444444444443 0.03125 0.05625
1 0.13125 0.6722222222222223 0.03125 0.05555555555555555
1 0.243359375 0.7555555555555555 0.023046875 0.04097222222222222
1 0.2171875 0.8611111111111112 0.044921875 0.08125
1 0.1421875 0.8201388888888889 0.038671875 0.06597222222222222
1 0.414453125 0.6534722222222222 0.02109375 0.03888888888888889
1 0.3578125 0.55625 0.04375 0.07777777777777778
1 0.520703125 0.8381944444444445 0.0234375 0.04375
1 0.60625 0.7895833333333333 0.017578125 0.03125
1 0.7046875 0.7715277777777778 0.0203125 0.03819444444444445
1 0.65546875 0.6430555555555556 0.04921875 0.08819444444444445
1 0.5734375 0.66875 0.02109375 0.04097222222222222
1 0.4703125 0.5569444444444445 0.012890625 0.027083333333333334
1 0.4828125 0.06388888888888888 0.022265625 0.04097222222222222
1 0.643359375 0.06180555555555556 0.02578125 0.044444444444444446
1 0.71796875 0.13541666666666666 0.042578125 0.075
1 0.784375 0.23333333333333334 0.0390625 0.06875
1 0.733984375 0.3104166666666667 0.034375 0.06319444444444444
1 0.6484375 0.1798611111111111 0.020703125 0.03819444444444445
1 0.5234375 0.30069444444444443 0.039453125 0.06875
1 0.52578125 0.24930555555555556 0.034765625 0.06319444444444444