3 0.098046875 0.9055555555555556 0.02734375 0.04791666666666667
3 0.03671875 0.6881944444444444 0.028515625 0.050694444444444445
3 0.05859375 0.6951388888888889 0.01171875 0.022916666666666665
3 0.191015625 0.74375 0.015625 0.029861111111111113
3 0.1125 0.5791666666666667 0.025 0.044444444444444446
3 0.187890625 0.6083333333333333 0.026171875 0.04583333333333333
3 0.05625 0.5041666666666667 0.021875 0.03958333333333333
3 0.08828125 0.4888888888888889 0.0234375 0.04097222222222222
3 0.268359375 0.11875 0.02265625 0.04236111111111111
3 0.23828125 0.04027777777777778 0.024609375 0.044444444444444446
3 0.321484375 0.03888888888888889 0.01875 0.034027777777777775
3 0.3125 0.26805555555555555 0.021875 0.03958333333333333
3 0.46171875 0.14305555555555555 0.02109375 0.03888888888888889
3 0.17109375 0.19375 0.0140625 0.025
3 0.570703125 0.24791666666666667 0.02265625 0.041666666666666664
3 0.57578125 0.11527777777777778 0.016015625 0.030555555555555555
3 0.6578125 0.058333333333333334 0.016015625 0.030555555555555555
3 0.79921875 0.10069444444444445 0.01640625 0.02847222222222222
3 0.674609375 0.3159722222222222 0.022265625 0.03888888888888889
3 0.728125 0.37222222222222223 0.013671875 0.027083333333333334
3 0.5375 0.3729166666666667 0.019921875 0.035416666666666666
3 0.544921875 0.42916666666666664 0.025390625 0.04861111111111111
3 0.616796875 0.45208333333333334 0.02109375 0.03680555555555556
3 0.6484375 0.5729166666666666 0.03046875 0.05277777777777778
3 0.265625 0.8604166666666667 0.015625 0.029861111111111113
3 0.39140625 0.8652777777777778 0.019921875 0.0375
3 0.43125 0.6729166666666667 0.02265625 0.04375
3 0.4703125 0.6520833333333333 0.013671875 0.02361111111111111
3 0.5375 0.6097222222222223 0.01328125 0.025
3 0.608984375 0.5444444444444444 0.016796875 0.029861111111111113
3 0.56640625 0.7680555555555556 0.033203125 0.06319444444444444
3 0.575390625 0.7576388888888889 0.0234375 0.04236111111111111
3 0.571484375 0.725 0.01953125 0.034027777777777775
3 0.608984375 0.7055555555555556 0.017578125 0.03263888888888889
3 0.68515625 0.70625 0.021484375 0.03958333333333333
3 0.676171875 0.93125 0.01484375 0.02847222222222222
3 0.701953125 0.8791666666666667 0.019921875 0.03888888888888889
3 0.701171875 0.81875 0.03515625 0.06458333333333334
3 0.71328125 0.8340277777777778 0.037890625 0.06944444444444445
3 0.201171875 0.6972222222222222 0.01015625 0.018055555555555554
3 0.503125 0.2604166666666667 0.009375 0.01875
3 0.4734375 0.43194444444444446 0.0109375 0.01875