2 0.0515625 0.8729166666666667 0.0421875 0.07569444444444444
2 0.1296875 0.8138888888888889 0.03125 0.05625
2 0.071484375 0.7451388888888889 0.0234375 0.041666666666666664
2 0.020703125 0.6854166666666667 0.025 0.04791666666666667
2 0.212890625 0.6569444444444444 0.027734375 0.04861111111111111
2 0.158203125 0.6798611111111111 0.01484375 0.025694444444444443
2 0.07421875 0.53125 0.018359375 0.030555555555555555
2 0.059765625 0.2375 0.037890625 0.06666666666666667
2 0.02421875 0.18125 0.024609375 0.04583333333333333
2 0.083203125 0.1 0.021875 0.03888888888888889
2 0.19765625 0.29097222222222224 0.046875 0.08402777777777778
2 0.27421875 0.5777777777777777 0.05 0.08611111111111111
2 0.31171875 0.6798611111111111 0.01484375 0.025694444444444443
2 0.321875 0.6020833333333333 0.02734375 0.05138888888888889
2 0.288671875 0.1 0.037890625 0.06736111111111111
2 0.349609375 0.15 0.033984375 0.059722222222222225
2 0.52265625 0.28055555555555556 0.0234375 0.04583333333333333
2 0.434765625 0.16944444444444445 0.020703125 0.03888888888888889
2 0.442578125 0.11458333333333333 0.027734375 0.04861111111111111
2 0.577734375 0.13819444444444445 0.045703125 0.08263888888888889
2 0.710546875 0.13194444444444445 0.03125 0.05555555555555555
2 0.775390625 0.07083333333333333 0.01484375 0.02847222222222222
2 0.228515625 0.44583333333333336 0.031640625 0.05486111111111111
2 0.21640625 0.4409722222222222 0.02265625 0.04097222222222222
2 0.262109375 0.48680555555555555 0.01484375 0.025694444444444443
2 0.25078125 0.4263888888888889 0.030078125 0.050694444444444445
2 0.2421875 0.3784722222222222 0.024609375 0.044444444444444446
2 0.586328125 0.4027777777777778 0.021484375 0.0375
2 0.64140625 0.46458333333333335 0.022265625 0.041666666666666664
2 0.641796875 0.36736111111111114 0.015625 0.025
2 0.76640625 0.4951388888888889 0.0203125 0.035416666666666666
2 0.843359375 0.3840277777777778 0.0390625 0.07152777777777777
2 0.6984375 0.9368055555555556 0.031640625 0.059722222222222225
2 0.678515625 0.8041666666666667 0.024609375 0.04652777777777778
2 0.703125 0.7951388888888888 0.0171875 0.030555555555555555
2 0.724609375 0.9326388888888889 0.015625 0.027777777777777776
2 0.7671875 0.66875 0.026171875 0.04791666666666667
2 0.78515625 0.6625 0.03203125 0.058333333333333334